# x   y
-5.470994624849044863e-01 -1.196840257027331073e-01
3.839602985675188429e-01 4.960435484787395488e-01
1.462417417361462801e+00 -1.540540265978379564e+00
8.880379283239622223e-01 2.102477785797423893e-01
4.546481246959374056e-01 -1.362422214130941112e-01
-4.226320814537708470e-01 -6.609977109116977889e-01
-1.392280607142755144e+00 4.851809030797401417e-02
1.000046174054332715e+00 -5.069286143095119712e-01
-1.190646904837005193e+00 -6.869377402819368816e-01
2.715449219770321720e-01 -2.163238833684727247e+00
